2004-05-17T09:30:00	20.15	312.82	
2004-05-17T09:30:10	20.16	312.82	2004-05-17T09:30:09	-25.61	156.36	30.30	52.84	82.85
2004-05-17T09:30:20	20.16	312.82	
2004-05-17T09:30:30	20.16	312.82	
2004-05-17T09:30:40	20.16	312.82	
2004-05-17T09:30:50	20.16	312.82	
2004-05-17T09:31:00	20.16	312.82	
2004-05-17T09:31:10	20.16	312.82	
2004-05-17T09:31:20	20.16	312.82	
2004-05-17T09:31:30	20.17	312.82	
2004-05-17T09:31:40	20.17	312.82	
2004-05-17T09:31:50	20.17	312.82	
2004-05-17T09:32:00	20.17	312.82	
2004-05-17T09:32:10	20.17	312.82	
2004-05-17T09:32:20	20.17	312.82	
2004-05-17T09:32:30	20.17	312.82	
2004-05-17T09:32:40	20.17	312.82	
2004-05-17T09:32:50	20.17	312.82	
2004-05-17T09:33:00	20.18	312.82	
2004-05-17T09:33:10	20.18	312.82	
2004-05-17T09:33:20	20.18	312.82	
2004-05-17T09:33:30	20.18	312.82	
2004-05-17T09:33:40	20.18	312.82	
2004-05-17T09:33:50	20.18	312.82	
2004-05-17T09:34:00	20.18	312.82	
2004-05-17T09:34:10	20.18	312.82	
2004-05-17T09:34:20	20.19	312.82	
2004-05-17T09:34:30	20.19	312.82	
2004-05-17T09:34:40	20.19	312.82	
2004-05-17T09:34:50	20.19	312.82	
2004-05-17T09:35:00	20.19	312.82	
2004-05-17T09:35:10	20.19	312.82	
2004-05-17T09:35:20	20.19	312.81	
2004-05-17T09:35:30	20.19	312.81	2004-05-17T09:35:29	-58.20	347.09	30.31	59.32	83.65
2004-05-17T09:35:40	20.20	312.81	2004-05-17T09:35:39	-35.18	341.08	30.31	35.95	61.77
2004-05-17T09:35:50	20.20	312.81	2004-05-17T09:35:49	-23.10	343.58	30.30	24.68	52.90
2004-05-17T09:36:00	20.20	312.81	2004-05-17T09:35:59	-12.70	347.51	30.30	17.40	47.61
2004-05-17T09:36:10	20.20	312.81	2004-05-17T09:36:09	-3.32	352.76	30.29	17.13	45.91
2004-05-17T09:36:20	20.20	312.81	2004-05-17T09:36:19	4.49	179.26	30.28	25.00	49.37
2004-05-17T09:36:30	20.20	312.81	2004-05-17T09:36:29	11.09	169.08	30.28	36.24	56.66
2004-05-17T09:36:40	20.20	312.81	2004-05-17T09:36:39	15.87	154.79	30.27	50.86	68.70
2004-05-17T09:36:50	20.20	312.81	
2004-05-17T09:37:00	20.20	312.81	
2004-05-17T09:37:10	20.21	312.81	
2004-05-17T09:37:20	20.21	312.81	
2004-05-17T09:37:30	20.21	312.81	
2004-05-17T09:37:40	20.21	312.81	
2004-05-17T09:37:50	20.21	312.81	
2004-05-17T09:38:00	20.21	312.81	
2004-05-17T09:38:10	20.21	312.81	
2004-05-17T09:38:20	20.21	312.81	
2004-05-17T09:38:30	20.22	312.81	
2004-05-17T09:38:40	20.22	312.81	
2004-05-17T09:38:50	20.22	312.81	
2004-05-17T09:39:00	20.22	312.81	
2004-05-17T09:39:10	20.22	312.81	
2004-05-17T09:39:20	20.22	312.81	
2004-05-17T09:39:30	20.22	312.81	2004-05-17T09:39:29	27.73	152.05	30.26	56.62	68.31
2004-05-17T09:39:40	20.22	312.81	2004-05-17T09:39:39	24.17	170.76	30.27	39.92	52.27
2004-05-17T09:39:50	20.22	312.81	2004-05-17T09:39:49	17.82	357.20	30.27	27.07	42.10
2004-05-17T09:40:00	20.23	312.81	2004-05-17T09:39:59	11.11	348.54	30.28	16.33	35.66
2004-05-17T09:40:10	20.23	312.81	2004-05-17T09:40:09	4.20	341.63	30.29	6.69	32.45
2004-05-17T09:40:20	20.23	312.81	2004-05-17T09:40:19	-4.24	335.24	30.29	4.78	33.07
2004-05-17T09:40:30	20.23	312.81	2004-05-17T09:40:29	-13.57	329.39	30.30	15.52	37.69
2004-05-17T09:40:40	20.23	312.81	2004-05-17T09:40:39	-24.24	323.57	30.30	27.52	45.89
2004-05-17T09:40:50	20.23	312.81	2004-05-17T09:40:49	-37.27	317.90	30.31	41.31	57.93
2004-05-17T09:41:00	20.23	312.81	2004-05-17T09:40:59	-61.49	309.56	30.31	65.17	82.04
2004-05-17T09:41:10	20.23	312.81	
2004-05-17T09:41:20	20.24	312.81	
2004-05-17T09:41:30	20.24	312.81	
2004-05-17T09:41:40	20.24	312.81	
2004-05-17T09:41:50	20.24	312.81	
2004-05-17T09:42:00	20.24	312.81	
2004-05-17T09:42:10	20.24	312.81	
2004-05-17T09:42:20	20.24	312.81	
2004-05-17T09:42:30	20.24	312.81	
2004-05-17T09:42:40	20.25	312.81	
2004-05-17T09:42:50	20.25	312.81	
2004-05-17T09:43:00	20.25	312.80	
2004-05-17T09:43:10	20.25	312.80	
2004-05-17T09:43:20	20.25	312.80	
2004-05-17T09:43:30	20.25	312.80	
2004-05-17T09:43:40	20.25	312.80	
2004-05-17T09:43:50	20.25	312.80	
2004-05-17T09:44:00	20.25	312.80	
2004-05-17T09:44:10	20.26	312.80	
2004-05-17T09:44:20	20.26	312.80	
2004-05-17T09:44:30	20.26	312.80	
2004-05-17T09:44:40	20.26	312.80	
2004-05-17T09:44:50	20.26	312.80	
2004-05-17T09:45:00	20.26	312.80	
2004-05-17T09:45:10	20.26	312.80	
2004-05-17T09:45:20	20.26	312.80	2004-05-17T09:45:19	-36.86	303.19	30.32	48.19	58.08
2004-05-17T09:45:30	20.27	312.80	2004-05-17T09:45:29	-23.31	309.85	30.31	34.89	43.86
2004-05-17T09:45:40	20.27	312.80	2004-05-17T09:45:39	-11.59	314.62	30.30	24.53	32.06
2004-05-17T09:45:50	20.27	312.80	2004-05-17T09:45:49	-1.73	319.25	30.30	17.01	22.99
2004-05-17T09:46:00	20.27	312.80	2004-05-17T09:45:59	6.78	324.32	30.29	13.36	17.60
2004-05-17T09:46:10	20.27	312.80	2004-05-17T09:46:09	15.59	329.90	30.29	16.32	17.00
2004-05-17T09:46:20	20.27	312.80	2004-05-17T09:46:19	24.20	336.73	30.28	23.75	22.57
2004-05-17T09:46:30	20.27	312.80	2004-05-17T09:46:29	32.28	346.16	30.27	33.19	32.21
2004-05-17T09:46:40	20.27	312.80	2004-05-17T09:46:39	39.81	358.38	30.27	44.26	43.62
2004-05-17T09:46:50	20.28	312.80	2004-05-17T09:46:49	46.06	163.05	30.26	57.93	58.00
2004-05-17T09:47:00	20.28	312.80	
2004-05-17T09:47:10	20.28	312.80	
2004-05-17T09:47:20	20.28	312.80	
2004-05-17T09:47:30	20.28	312.80	
2004-05-17T09:47:40	20.28	312.80	
2004-05-17T09:47:50	20.28	312.80	
2004-05-17T09:48:00	20.28	312.80	
2004-05-17T09:48:10	20.28	312.80	
2004-05-17T09:48:20	20.29	312.80	
2004-05-17T09:48:30	20.29	312.80	
2004-05-17T09:48:40	20.29	312.80	
2004-05-17T09:48:50	20.29	312.80	
2004-05-17T09:49:00	20.29	312.80	
2004-05-17T09:49:10	20.29	312.80	
2004-05-17T09:49:20	20.29	312.80	
2004-05-17T09:49:30	20.29	312.80	2004-05-17T09:49:29	52.35	169.45	30.26	59.31	54.75
2004-05-17T09:49:40	20.30	312.80	2004-05-17T09:49:39	45.27	350.05	30.27	46.46	39.66
2004-05-17T09:49:50	20.30	312.80	2004-05-17T09:49:49	37.69	337.68	30.27	37.25	27.83
2004-05-17T09:50:00	20.30	312.80	2004-05-17T09:49:59	30.71	328.67	30.28	31.07	17.76
2004-05-17T09:50:10	20.30	312.79	2004-05-17T09:50:09	22.89	321.24	30.28	26.70	8.31
2004-05-17T09:50:20	20.30	312.79	2004-05-17T09:50:19	14.59	314.88	30.29	25.35	6.08
2004-05-17T09:50:30	20.30	312.79	2004-05-17T09:50:29	5.59	309.08	30.29	27.52	15.22
2004-05-17T09:50:40	20.30	312.79	2004-05-17T09:50:39	-3.91	303.45	30.30	32.98	26.01
2004-05-17T09:50:50	20.30	312.79	2004-05-17T09:50:49	-14.38	297.34	30.31	41.18	38.03
2004-05-17T09:51:00	20.31	312.79	2004-05-17T09:50:59	-26.19	289.22	30.31	52.48	52.04
2004-05-17T09:51:10	20.31	312.79	2004-05-17T09:51:09	-43.94	272.96	30.32	71.40	74.14
2004-05-17T09:51:20	20.31	312.79	
2004-05-17T09:51:30	20.31	312.79	
2004-05-17T09:51:40	20.31	312.79	
2004-05-17T09:51:50	20.31	312.79	
2004-05-17T09:52:00	20.31	312.79	
2004-05-17T09:52:10	20.31	312.79	
2004-05-17T09:52:20	20.32	312.79	
2004-05-17T09:52:30	20.32	312.79	
2004-05-17T09:52:40	20.32	312.79	
2004-05-17T09:52:50	20.32	312.79	
2004-05-17T09:53:00	20.32	312.79	
2004-05-17T09:53:10	20.32	312.79	
2004-05-17T09:53:20	20.32	312.79	
2004-05-17T09:53:30	20.32	312.79	
2004-05-17T09:53:40	20.32	312.79	
2004-05-17T09:53:50	20.33	312.79	
2004-05-17T09:54:00	20.33	312.79	
2004-05-17T09:54:10	20.33	312.79	
2004-05-17T09:54:20	20.33	312.79	
2004-05-17T09:54:30	20.33	312.79	
2004-05-17T09:54:40	20.33	312.79	
2004-05-17T09:54:50	20.33	312.79	
2004-05-17T09:55:00	20.33	312.79	
2004-05-17T09:55:10	20.34	312.79	2004-05-17T09:55:09	-37.18	265.15	30.32	75.30	73.21
2004-05-17T09:55:20	20.34	312.79	2004-05-17T09:55:19	-20.54	280.15	30.31	58.66	52.09
2004-05-17T09:55:30	20.34	312.79	2004-05-17T09:55:29	-8.29	287.94	30.31	48.89	37.81
2004-05-17T09:55:40	20.34	312.79	2004-05-17T09:55:39	2.32	293.74	30.30	42.49	26.01
2004-05-17T09:55:50	20.34	312.79	2004-05-17T09:55:49	11.98	298.54	30.30	39.11	16.10
2004-05-17T09:56:00	20.34	312.79	2004-05-17T09:55:59	21.42	302.98	30.29	38.59	9.27
2004-05-17T09:56:10	20.34	312.79	2004-05-17T09:56:09	30.90	307.53	30.28	40.81	11.63
2004-05-17T09:56:20	20.34	312.79	2004-05-17T09:56:19	40.10	313.53	30.28	44.69	19.86
2004-05-17T09:56:30	20.35	312.79	2004-05-17T09:56:29	49.58	321.38	30.27	50.73	30.16
2004-05-17T09:56:40	20.35	312.78	2004-05-17T09:56:39	59.51	333.73	30.27	59.08	42.12
2004-05-17T09:56:50	20.35	312.78	2004-05-17T09:56:49	69.97	175.04	30.26	72.07	58.66
2004-05-17T09:57:00	20.35	312.78	
2004-05-17T09:57:10	20.35	312.78	
2004-05-17T09:57:20	20.35	312.78	
2004-05-17T09:57:30	20.35	312.78	
2004-05-17T09:57:40	20.35	312.78	
2004-05-17T09:57:50	20.36	312.78	
2004-05-17T09:58:00	20.36	312.78	
2004-05-17T09:58:10	20.36	312.78	
2004-05-17T09:58:20	20.36	312.78	
2004-05-17T09:58:30	20.36	312.78	
2004-05-17T09:58:40	20.36	312.78	
2004-05-17T09:58:50	20.36	312.78	
2004-05-17T09:59:00	20.36	312.78	
2004-05-17T09:59:10	20.37	312.78	
2004-05-17T09:59:20	20.37	312.78	
2004-05-17T09:59:30	20.37	312.78	2004-05-17T09:59:29	78.82	173.32	30.25	79.92	63.60
2004-05-17T09:59:40	20.37	312.78	2004-05-17T09:59:39	67.90	322.60	30.26	68.10	48.14
2004-05-17T09:59:50	20.37	312.78	2004-05-17T09:59:49	56.45	309.21	30.27	60.06	36.34
2004-05-17T10:00:00	20.37	312.78	2004-05-17T09:59:59	46.27	301.79	30.27	54.85	27.55
2004-05-17T10:00:10	20.37	312.78	2004-05-17T10:00:09	36.83	296.21	30.28	51.86	22.00
2004-05-17T10:00:20	20.37	312.78	2004-05-17T10:00:19	27.95	291.00	30.28	51.26	21.32
2004-05-17T10:00:30	20.38	312.78	2004-05-17T10:00:29	18.65	286.11	30.29	52.42	25.29
2004-05-17T10:00:40	20.38	312.78	2004-05-17T10:00:39	8.36	281.07	30.30	55.53	33.05
2004-05-17T10:00:50	20.38	312.78	2004-05-17T10:00:49	-1.48	275.41	30.30	60.86	42.82
2004-05-17T10:01:00	20.38	312.78	2004-05-17T10:00:59	-12.56	267.26	30.31	69.63	55.81
2004-05-17T10:01:10	20.38	312.78	
2004-05-17T10:01:20	20.38	312.78	
2004-05-17T10:01:30	20.38	312.78	
2004-05-17T10:01:40	20.38	312.78	
2004-05-17T10:01:50	20.38	312.78	
2004-05-17T10:02:00	20.39	312.78	
2004-05-17T10:02:10	20.39	312.78	
2004-05-17T10:02:20	20.39	312.78	
2004-05-17T10:02:30	20.39	312.78	
2004-05-17T10:02:40	20.39	312.78	
2004-05-17T10:02:50	20.39	312.77	
2004-05-17T10:03:00	20.39	312.77	
2004-05-17T10:03:10	20.39	312.77	
2004-05-17T10:03:20	20.40	312.77	
2004-05-17T10:03:30	20.40	312.77	
2004-05-17T10:03:40	20.40	312.77	
2004-05-17T10:03:50	20.40	312.77	
2004-05-17T10:04:00	20.40	312.77	
2004-05-17T10:04:10	20.40	312.77	
2004-05-17T10:04:20	20.40	312.77	
2004-05-17T10:04:30	20.40	312.77	
2004-05-17T10:04:40	20.41	312.77	
2004-05-17T10:04:50	20.41	312.77	
2004-05-17T10:05:00	20.41	312.77	
2004-05-17T10:05:10	20.41	312.77	
2004-05-17T10:05:20	20.41	312.77	2004-05-17T10:05:19	-9.51	254.30	30.31	82.18	65.06
2004-05-17T10:05:30	20.41	312.77	2004-05-17T10:05:29	2.65	262.72	30.30	73.57	52.10
2004-05-17T10:05:40	20.41	312.77	2004-05-17T10:05:39	13.16	268.89	30.30	67.92	42.70
2004-05-17T10:05:50	20.41	312.77	2004-05-17T10:05:49	23.35	272.91	30.29	65.52	37.17
2004-05-17T10:06:00	20.42	312.77	2004-05-17T10:05:59	34.02	274.88	30.28	66.35	36.25
2004-05-17T10:06:10	20.42	312.77	2004-05-17T10:06:09	43.81	277.12	30.28	67.95	37.89
2004-05-17T10:06:20	20.42	312.77	2004-05-17T10:06:19	54.14	278.13	30.28	71.61	42.93
2004-05-17T10:06:30	20.42	312.77	2004-05-17T10:06:29	67.15	270.73	30.26	80.32	53.94
2004-05-17T10:06:40	20.42	312.77	2004-05-17T10:06:39	80.09	229.25	30.26	92.43	69.05
2004-05-17T10:06:50	20.42	312.77	
2004-05-17T10:07:00	20.42	312.77	
2004-05-17T10:07:10	20.42	312.77	
2004-05-17T10:07:20	20.43	312.77	
2004-05-17T10:07:30	20.43	312.77	
2004-05-17T10:07:40	20.43	312.77	
2004-05-17T10:07:50	20.43	312.77	
2004-05-17T10:08:00	20.43	312.77	
2004-05-17T10:08:10	20.43	312.77	
2004-05-17T10:08:20	20.43	312.77	
2004-05-17T10:08:30	20.43	312.77	
2004-05-17T10:08:40	20.44	312.76	
2004-05-17T10:08:50	20.44	312.76	
2004-05-17T10:09:00	20.44	312.76	
2004-05-17T10:09:10	20.44	312.76	
2004-05-17T10:09:20	20.44	312.76	
2004-05-17T10:09:30	20.44	312.76	
2004-05-17T10:09:40	20.44	312.76	
2004-05-17T10:09:50	20.44	312.76	2004-05-17T10:09:49	67.06	232.45	30.26	94.94	67.73
2004-05-17T10:10:00	20.45	312.76	2004-05-17T10:09:59	56.91	251.26	30.27	86.92	57.78
2004-05-17T10:10:10	20.45	312.76	2004-05-17T10:10:09	46.21	255.77	30.28	83.15	52.97
2004-05-17T10:10:20	20.45	312.76	2004-05-17T10:10:19	36.01	255.57	30.28	82.27	52.20
2004-05-17T10:10:30	20.45	312.76	2004-05-17T10:10:29	26.83	253.17	30.29	83.69	54.72
2004-05-17T10:10:40	20.45	312.76	2004-05-17T10:10:39	16.44	248.16	30.29	88.12	61.28
2004-05-17T10:10:50	20.45	312.76	2004-05-17T10:10:49	3.31	236.74	30.30	99.56	76.03
2004-05-17T10:11:00	20.45	312.76	
2004-05-17T10:11:10	20.45	312.76	
2004-05-17T10:11:20	20.46	312.76	
2004-05-17T10:11:30	20.46	312.76	
2004-05-17T10:11:40	20.46	312.76	
2004-05-17T10:11:50	20.46	312.76	
2004-05-17T10:12:00	20.46	312.76	
2004-05-17T10:12:10	20.46	312.76	
2004-05-17T10:12:20	20.46	312.76	
2004-05-17T10:12:30	20.46	312.76	
2004-05-17T10:12:40	20.47	312.76	
2004-05-17T10:12:50	20.47	312.76	
2004-05-17T10:13:00	20.47	312.76	
2004-05-17T10:13:10	20.47	312.76	
2004-05-17T10:13:20	20.47	312.76	
2004-05-17T10:13:30	20.47	312.76	
2004-05-17T10:13:40	20.47	312.76	
2004-05-17T10:13:50	20.47	312.76	
2004-05-17T10:14:00	20.48	312.76	
2004-05-17T10:14:10	20.48	312.76	
2004-05-17T10:14:20	20.48	312.75	
2004-05-17T10:14:30	20.48	312.75	
2004-05-17T10:14:40	20.48	312.75	
2004-05-17T10:14:50	20.48	312.75	
2004-05-17T10:15:00	20.48	312.75	
2004-05-17T10:15:10	20.48	312.75	
2004-05-17T10:15:20	20.49	312.75	
2004-05-17T10:15:30	20.49	312.75	
2004-05-17T10:15:40	20.49	312.75	
2004-05-17T10:15:50	20.49	312.75	
2004-05-17T10:16:00	20.49	312.75	
2004-05-17T10:16:10	20.49	312.75	
2004-05-17T10:16:20	20.49	312.75	
2004-05-17T10:16:30	20.49	312.75	
2004-05-17T10:16:40	20.50	312.75	
2004-05-17T10:16:50	20.50	312.75	
2004-05-17T10:17:00	20.50	312.75	
2004-05-17T10:17:10	20.50	312.75	
2004-05-17T10:17:20	20.50	312.75	
2004-05-17T10:17:30	20.50	312.75	
2004-05-17T10:17:40	20.50	312.75	
2004-05-17T10:17:50	20.50	312.75	
2004-05-17T10:18:00	20.51	312.75	
2004-05-17T10:18:10	20.51	312.75	
2004-05-17T10:18:20	20.51	312.75	
2004-05-17T10:18:30	20.51	312.75	
2004-05-17T10:18:40	20.51	312.75	
2004-05-17T10:18:50	20.51	312.75	
2004-05-17T10:19:00	20.51	312.75	
2004-05-17T10:19:10	20.51	312.75	
2004-05-17T10:19:20	20.52	312.75	
2004-05-17T10:19:30	20.52	312.74	
2004-05-17T10:19:40	20.52	312.74	
2004-05-17T10:19:50	20.52	312.74	
2004-05-17T10:20:00	20.52	312.74	
2004-05-17T10:20:10	20.52	312.74	
2004-05-17T10:20:20	20.52	312.74	
2004-05-17T10:20:30	20.52	312.74	
2004-05-17T10:20:40	20.53	312.74	
2004-05-17T10:20:50	20.53	312.74	
2004-05-17T10:21:00	20.53	312.74	
2004-05-17T10:21:10	20.53	312.74	
2004-05-17T10:21:20	20.53	312.74	
2004-05-17T10:21:30	20.53	312.74	
2004-05-17T10:21:40	20.53	312.74	
2004-05-17T10:21:50	20.53	312.74	
2004-05-17T10:22:00	20.54	312.74	
2004-05-17T10:22:10	20.54	312.74	
2004-05-17T10:22:20	20.54	312.74	
2004-05-17T10:22:30	20.54	312.74	
2004-05-17T10:22:40	20.54	312.74	
2004-05-17T10:22:50	20.54	312.74	
2004-05-17T10:23:00	20.54	312.74	
2004-05-17T10:23:10	20.54	312.74	
2004-05-17T10:23:20	20.55	312.74	
2004-05-17T10:23:30	20.55	312.74	
2004-05-17T10:23:40	20.55	312.74	
2004-05-17T10:23:50	20.55	312.74	
2004-05-17T10:24:00	20.55	312.74	
2004-05-17T10:24:10	20.55	312.74	
2004-05-17T10:24:20	20.55	312.74	
2004-05-17T10:24:30	20.55	312.74	
2004-05-17T10:24:40	20.56	312.73	
2004-05-17T10:24:50	20.56	312.73	
2004-05-17T10:25:00	20.56	312.73	
2004-05-17T10:25:10	20.56	312.73	
2004-05-17T10:25:20	20.56	312.73	
2004-05-17T10:25:30	20.56	312.73	
2004-05-17T10:25:40	20.56	312.73	
2004-05-17T10:25:50	20.56	312.73	
2004-05-17T10:26:00	20.57	312.73	
2004-05-17T10:26:10	20.57	312.73	
2004-05-17T10:26:20	20.57	312.73	
2004-05-17T10:26:30	20.57	312.73	
2004-05-17T10:26:40	20.57	312.73	
2004-05-17T10:26:50	20.57	312.73	
2004-05-17T10:27:00	20.57	312.73	
2004-05-17T10:27:10	20.58	312.73	
2004-05-17T10:27:20	20.58	312.73	
2004-05-17T10:27:30	20.58	312.73	
2004-05-17T10:27:40	20.58	312.73	
2004-05-17T10:27:50	20.58	312.73	
2004-05-17T10:28:00	20.58	312.73	
2004-05-17T10:28:10	20.58	312.73	
2004-05-17T10:28:20	20.58	312.73	
2004-05-17T10:28:30	20.59	312.73	
2004-05-17T10:28:40	20.59	312.73	
2004-05-17T10:28:50	20.59	312.73	
2004-05-17T10:29:00	20.59	312.73	
2004-05-17T10:29:10	20.59	312.73	
2004-05-17T10:29:20	20.59	312.73	
2004-05-17T10:29:30	20.59	312.72	
2004-05-17T10:29:40	20.59	312.72	
2004-05-17T10:29:50	20.60	312.72	
2004-05-17T10:30:00	20.60	312.72	
2004-05-17T10:30:10	20.60	312.72	
2004-05-17T10:30:20	20.60	312.72	
2004-05-17T10:30:30	20.60	312.72	
2004-05-17T10:30:40	20.60	312.72	
2004-05-17T10:30:50	20.60	312.72	
2004-05-17T10:31:00	20.60	312.72	
2004-05-17T10:31:10	20.61	312.72	
2004-05-17T10:31:20	20.61	312.72	
2004-05-17T10:31:30	20.61	312.72	
2004-05-17T10:31:40	20.61	312.72	
2004-05-17T10:31:50	20.61	312.72	
2004-05-17T10:32:00	20.61	312.72	
2004-05-17T10:32:10	20.61	312.72	
2004-05-17T10:32:20	20.61	312.72	
2004-05-17T10:32:30	20.62	312.72	
2004-05-17T10:32:40	20.62	312.72	
2004-05-17T10:32:50	20.62	312.72	
2004-05-17T10:33:00	20.62	312.72	
2004-05-17T10:33:10	20.62	312.72	
2004-05-17T10:33:20	20.62	312.72	
2004-05-17T10:33:30	20.62	312.72	
2004-05-17T10:33:40	20.62	312.72	
2004-05-17T10:33:50	20.63	312.72	
2004-05-17T10:34:00	20.63	312.72	
2004-05-17T10:34:10	20.63	312.71	
2004-05-17T10:34:20	20.63	312.71	
2004-05-17T10:34:30	20.63	312.71	
2004-05-17T10:34:40	20.63	312.71	
2004-05-17T10:34:50	20.63	312.71	
2004-05-17T10:35:00	20.64	312.71	
2004-05-17T10:35:10	20.64	312.71	
2004-05-17T10:35:20	20.64	312.71	
2004-05-17T10:35:30	20.64	312.71	
2004-05-17T10:35:40	20.64	312.71	
2004-05-17T10:35:50	20.64	312.71	
2004-05-17T10:36:00	20.64	312.71	
2004-05-17T10:36:10	20.64	312.71	
2004-05-17T10:36:20	20.65	312.71	
2004-05-17T10:36:30	20.65	312.71	
2004-05-17T10:36:40	20.65	312.71	
2004-05-17T10:36:50	20.65	312.71	
2004-05-17T10:37:00	20.65	312.71	
2004-05-17T10:37:10	20.65	312.71	
2004-05-17T10:37:20	20.65	312.71	
2004-05-17T10:37:30	20.65	312.71	
2004-05-17T10:37:40	20.66	312.71	
2004-05-17T10:37:50	20.66	312.71	
2004-05-17T10:38:00	20.66	312.71	
2004-05-17T10:38:10	20.66	312.71	
2004-05-17T10:38:20	20.66	312.71	
2004-05-17T10:38:30	20.66	312.71	
2004-05-17T10:38:40	20.66	312.70	
2004-05-17T10:38:50	20.66	312.70	
2004-05-17T10:39:00	20.67	312.70	
2004-05-17T10:39:10	20.67	312.70	
2004-05-17T10:39:20	20.67	312.70	
2004-05-17T10:39:30	20.67	312.70	
2004-05-17T10:39:40	20.67	312.70	
2004-05-17T10:39:50	20.67	312.70	
2004-05-17T10:40:00	20.67	312.70	
2004-05-17T10:40:10	20.68	312.70	
2004-05-17T10:40:20	20.68	312.70	
2004-05-17T10:40:30	20.68	312.70	
2004-05-17T10:40:40	20.68	312.70	
2004-05-17T10:40:50	20.68	312.70	
2004-05-17T10:41:00	20.68	312.70	
2004-05-17T10:41:10	20.68	312.70	
2004-05-17T10:41:20	20.68	312.70	
2004-05-17T10:41:30	20.69	312.70	
2004-05-17T10:41:40	20.69	312.70	
2004-05-17T10:41:50	20.69	312.70	
2004-05-17T10:42:00	20.69	312.70	
2004-05-17T10:42:10	20.69	312.70	
2004-05-17T10:42:20	20.69	312.70	
2004-05-17T10:42:30	20.69	312.70	
2004-05-17T10:42:40	20.69	312.70	
2004-05-17T10:42:50	20.70	312.70	
2004-05-17T10:43:00	20.70	312.69	
2004-05-17T10:43:10	20.70	312.69	
2004-05-17T10:43:20	20.70	312.69	
2004-05-17T10:43:30	20.70	312.69	
2004-05-17T10:43:40	20.70	312.69	
2004-05-17T10:43:50	20.70	312.69	
2004-05-17T10:44:00	20.70	312.69	
2004-05-17T10:44:10	20.71	312.69	
2004-05-17T10:44:20	20.71	312.69	
2004-05-17T10:44:30	20.71	312.69	
2004-05-17T10:44:40	20.71	312.69	
2004-05-17T10:44:50	20.71	312.69	
2004-05-17T10:45:00	20.71	312.69	
2004-05-17T10:45:10	20.71	312.69	
2004-05-17T10:45:20	20.72	312.69	
2004-05-17T10:45:30	20.72	312.69	
2004-05-17T10:45:40	20.72	312.69	
2004-05-17T10:45:50	20.72	312.69	
2004-05-17T10:46:00	20.72	312.69	
2004-05-17T10:46:10	20.72	312.69	
2004-05-17T10:46:20	20.72	312.69	
2004-05-17T10:46:30	20.72	312.69	
2004-05-17T10:46:40	20.73	312.69	
2004-05-17T10:46:50	20.73	312.69	
2004-05-17T10:47:00	20.73	312.69	
2004-05-17T10:47:10	20.73	312.69	
2004-05-17T10:47:20	20.73	312.68	
2004-05-17T10:47:30	20.73	312.68	
2004-05-17T10:47:40	20.73	312.68	
2004-05-17T10:47:50	20.73	312.68	
2004-05-17T10:48:00	20.74	312.68	
2004-05-17T10:48:10	20.74	312.68	
2004-05-17T10:48:20	20.74	312.68	
2004-05-17T10:48:30	20.74	312.68	
2004-05-17T10:48:40	20.74	312.68	
2004-05-17T10:48:50	20.74	312.68	
2004-05-17T10:49:00	20.74	312.68	
2004-05-17T10:49:10	20.75	312.68	
2004-05-17T10:49:20	20.75	312.68	
2004-05-17T10:49:30	20.75	312.68	
2004-05-17T10:49:40	20.75	312.68	
2004-05-17T10:49:50	20.75	312.68	
2004-05-17T10:50:00	20.75	312.68	
2004-05-17T10:50:10	20.75	312.68	
2004-05-17T10:50:20	20.75	312.68	
2004-05-17T10:50:30	20.76	312.68	
2004-05-17T10:50:40	20.76	312.68	
2004-05-17T10:50:50	20.76	312.68	
2004-05-17T10:51:00	20.76	312.68	
2004-05-17T10:51:10	20.76	312.68	
2004-05-17T10:51:20	20.76	312.67	
2004-05-17T10:51:30	20.76	312.67	
2004-05-17T10:51:40	20.77	312.67	
2004-05-17T10:51:50	20.77	312.67	
2004-05-17T10:52:00	20.77	312.67	
2004-05-17T10:52:10	20.77	312.67	
2004-05-17T10:52:20	20.77	312.67	
2004-05-17T10:52:30	20.77	312.67	
2004-05-17T10:52:40	20.77	312.67	
2004-05-17T10:52:50	20.77	312.67	
2004-05-17T10:53:00	20.78	312.67	
2004-05-17T10:53:10	20.78	312.67	
2004-05-17T10:53:20	20.78	312.67	
2004-05-17T10:53:30	20.78	312.67	
2004-05-17T10:53:40	20.78	312.67	
2004-05-17T10:53:50	20.78	312.67	
2004-05-17T10:54:00	20.78	312.67	
2004-05-17T10:54:10	20.78	312.67	
2004-05-17T10:54:20	20.79	312.67	
2004-05-17T10:54:30	20.79	312.67	
2004-05-17T10:54:40	20.79	312.67	
2004-05-17T10:54:50	20.79	312.67	
2004-05-17T10:55:00	20.79	312.67	
2004-05-17T10:55:10	20.79	312.67	
2004-05-17T10:55:20	20.79	312.66	
2004-05-17T10:55:30	20.80	312.66	
2004-05-17T10:55:40	20.80	312.66	
2004-05-17T10:55:50	20.80	312.66	
2004-05-17T10:56:00	20.80	312.66	
2004-05-17T10:56:10	20.80	312.66	
2004-05-17T10:56:20	20.80	312.66	
2004-05-17T10:56:30	20.80	312.66	
2004-05-17T10:56:40	20.80	312.66	
2004-05-17T10:56:50	20.81	312.66	
2004-05-17T10:57:00	20.81	312.66	
2004-05-17T10:57:10	20.81	312.66	
2004-05-17T10:57:20	20.81	312.66	
2004-05-17T10:57:30	20.81	312.66	
2004-05-17T10:57:40	20.81	312.66	
2004-05-17T10:57:50	20.81	312.66	
2004-05-17T10:58:00	20.82	312.66	
2004-05-17T10:58:10	20.82	312.66	
2004-05-17T10:58:20	20.82	312.66	
2004-05-17T10:58:30	20.82	312.66	
2004-05-17T10:58:40	20.82	312.66	
2004-05-17T10:58:50	20.82	312.66	
2004-05-17T10:59:00	20.82	312.66	
2004-05-17T10:59:10	20.82	312.65	
2004-05-17T10:59:20	20.83	312.65	
2004-05-17T10:59:30	20.83	312.65	
2004-05-17T10:59:40	20.83	312.65	
2004-05-17T10:59:50	20.83	312.65	
2004-05-17T11:00:00	20.83	312.65	2004-05-17T10:59:59	6.56	285.51	31.06	51.48	30.05
2004-05-17T11:00:10	20.83	312.65	2004-05-17T11:00:09	6.35	284.97	31.06	52.00	30.62
2004-05-17T11:00:20	20.83	312.65	2004-05-17T11:00:19	7.40	284.23	31.06	52.81	30.72
2004-05-17T11:00:30	20.84	312.65	2004-05-17T11:00:29	8.33	283.67	31.06	53.46	30.78
2004-05-17T11:00:40	20.84	312.65	2004-05-17T11:00:39	8.46	283.67	31.06	53.48	30.72
2004-05-17T11:00:50	20.84	312.65	2004-05-17T11:00:49	8.38	283.43	31.06	53.70	30.97
2004-05-17T11:01:00	20.84	312.65	2004-05-17T11:00:59	8.17	283.05	31.06	54.06	31.40
2004-05-17T11:01:10	20.84	312.65	2004-05-17T11:01:09	7.77	282.29	31.06	54.77	32.26
2004-05-17T11:01:20	20.84	312.65	2004-05-17T11:01:19	7.95	281.55	31.06	55.52	32.83
2004-05-17T11:01:30	20.84	312.65	2004-05-17T11:01:29	8.77	280.81	31.06	56.33	33.14
2004-05-17T11:01:40	20.84	312.65	2004-05-17T11:01:39	9.01	281.06	31.06	56.10	32.80
2004-05-17T11:01:50	20.85	312.65	2004-05-17T11:01:49	9.01	281.08	31.06	56.09	32.79
2004-05-17T11:02:00	20.85	312.65	2004-05-17T11:01:59	8.58	280.11	31.06	57.00	33.84
2004-05-17T11:02:10	20.85	312.65	2004-05-17T11:02:09	8.57	279.49	31.06	57.61	34.41
2004-05-17T11:02:20	20.85	312.65	2004-05-17T11:02:19	8.79	279.07	31.06	58.04	34.69
2004-05-17T11:02:30	20.85	312.65	2004-05-17T11:02:29	9.57	278.95	31.06	58.24	34.49
2004-05-17T11:02:40	20.85	312.65	2004-05-17T11:02:39	9.98	278.66	31.06	58.57	34.60
2004-05-17T11:02:50	20.85	312.65	2004-05-17T11:02:49	9.98	278.19	31.06	59.02	35.03
2004-05-17T11:03:00	20.86	312.64	2004-05-17T11:02:59	10.27	277.56	31.06	59.67	35.49
2004-05-17T11:03:10	20.86	312.64	2004-05-17T11:03:09	10.40	276.98	31.06	60.26	35.98
2004-05-17T11:03:20	20.86	312.64	2004-05-17T11:03:19	10.00	276.60	31.06	60.59	36.48
2004-05-17T11:03:30	20.86	312.64	2004-05-17T11:03:29	10.24	276.55	31.06	60.66	36.43
2004-05-17T11:03:40	20.86	312.64	2004-05-17T11:03:39	10.77	276.53	31.06	60.73	36.25
2004-05-17T11:03:50	20.86	312.64	2004-05-17T11:03:49	11.15	274.91	31.06	62.35	37.62
2004-05-17T11:04:00	20.86	312.64	2004-05-17T11:03:59	11.17	273.97	31.06	63.28	38.49
2004-05-17T11:04:10	20.86	312.64	2004-05-17T11:04:09	10.79	273.80	31.06	63.41	38.78
2004-05-17T11:04:20	20.87	312.64	2004-05-17T11:04:19	11.66	274.00	31.06	63.29	38.29
2004-05-17T11:04:30	20.87	312.64	2004-05-17T11:04:29	12.35	273.89	31.06	63.47	38.18
2004-05-17T11:04:40	20.87	312.64	2004-05-17T11:04:39	12.13	272.79	31.06	64.52	39.27
2004-05-17T11:04:50	20.87	312.64	2004-05-17T11:04:49	12.18	272.24	31.06	65.06	39.77
2004-05-17T11:05:00	20.87	312.64	2004-05-17T11:04:59	12.35	271.88	31.06	65.43	40.05
2004-05-17T11:05:10	20.87	312.64	2004-05-17T11:05:09	12.48	270.65	31.06	66.64	41.16
2004-05-17T11:05:20	20.87	312.64	
2004-05-17T11:05:30	20.88	312.64	
2004-05-17T11:05:40	20.88	312.64	
2004-05-17T11:05:50	20.88	312.64	
2004-05-17T11:06:00	20.88	312.64	
2004-05-17T11:06:10	20.88	312.64	
2004-05-17T11:06:20	20.88	312.64	
2004-05-17T11:06:30	20.88	312.64	
2004-05-17T11:06:40	20.88	312.63	
2004-05-17T11:06:50	20.89	312.63	
2004-05-17T11:07:00	20.89	312.63	
2004-05-17T11:07:10	20.89	312.63	
2004-05-17T11:07:20	20.89	312.63	
2004-05-17T11:07:30	20.89	312.63	
2004-05-17T11:07:40	20.89	312.63	
2004-05-17T11:07:50	20.89	312.63	
2004-05-17T11:08:00	20.90	312.63	
2004-05-17T11:08:10	20.90	312.63	
2004-05-17T11:08:20	20.90	312.63	
2004-05-17T11:08:30	20.90	312.63	
2004-05-17T11:08:40	20.90	312.63	
2004-05-17T11:08:50	20.90	312.63	
2004-05-17T11:09:00	20.90	312.63	
2004-05-17T11:09:10	20.90	312.63	
2004-05-17T11:09:20	20.91	312.63	
2004-05-17T11:09:30	20.91	312.63	
2004-05-17T11:09:40	20.91	312.63	
2004-05-17T11:09:50	20.91	312.63	
2004-05-17T11:10:00	20.91	312.63	
2004-05-17T11:10:10	20.91	312.62	
2004-05-17T11:10:20	20.91	312.62	
2004-05-17T11:10:30	20.92	312.62	
2004-05-17T11:10:40	20.92	312.62	
2004-05-17T11:10:50	20.92	312.62	
2004-05-17T11:11:00	20.92	312.62	
2004-05-17T11:11:10	20.92	312.62	
2004-05-17T11:11:20	20.92	312.62	
2004-05-17T11:11:30	20.92	312.62	
2004-05-17T11:11:40	20.93	312.62	
2004-05-17T11:11:50	20.93	312.62	
2004-05-17T11:12:00	20.93	312.62	
2004-05-17T11:12:10	20.93	312.62	
2004-05-17T11:12:20	20.93	312.62	
2004-05-17T11:12:30	20.93	312.62	
2004-05-17T11:12:40	20.93	312.62	
2004-05-17T11:12:50	20.93	312.62	
2004-05-17T11:13:00	20.94	312.62	
2004-05-17T11:13:10	20.94	312.62	
2004-05-17T11:13:20	20.94	312.62	
2004-05-17T11:13:30	20.94	312.62	
2004-05-17T11:13:40	20.94	312.61	
2004-05-17T11:13:50	20.94	312.61	
2004-05-17T11:14:00	20.94	312.61	
2004-05-17T11:14:10	20.95	312.61	
2004-05-17T11:14:20	20.95	312.61	
2004-05-17T11:14:30	20.95	312.61	
2004-05-17T11:14:40	20.95	312.61	
2004-05-17T11:14:50	20.95	312.61	
2004-05-17T11:15:00	20.95	312.61	
2004-05-17T11:15:10	20.95	312.61	
2004-05-17T11:15:20	20.95	312.61	
2004-05-17T11:15:30	20.96	312.61	
2004-05-17T11:15:40	20.96	312.61	
2004-05-17T11:15:50	20.96	312.61	
2004-05-17T11:16:00	20.96	312.61	
2004-05-17T11:16:10	20.96	312.61	
2004-05-17T11:16:20	20.96	312.61	
2004-05-17T11:16:30	20.96	312.61	
2004-05-17T11:16:40	20.97	312.61	
2004-05-17T11:16:50	20.97	312.61	
2004-05-17T11:17:00	20.97	312.61	
2004-05-17T11:17:10	20.97	312.60	
2004-05-17T11:17:20	20.97	312.60	
2004-05-17T11:17:30	20.97	312.60	
2004-05-17T11:17:40	20.97	312.60	
2004-05-17T11:17:50	20.98	312.60	
2004-05-17T11:18:00	20.98	312.60	
2004-05-17T11:18:10	20.98	312.60	
2004-05-17T11:18:20	20.98	312.60	
2004-05-17T11:18:30	20.98	312.60	
2004-05-17T11:18:40	20.98	312.60	
2004-05-17T11:18:50	20.98	312.60	
2004-05-17T11:19:00	20.98	312.60	
2004-05-17T11:19:10	20.99	312.60	
2004-05-17T11:19:20	20.99	312.60	
2004-05-17T11:19:30	20.99	312.60	
2004-05-17T11:19:40	20.99	312.60	
2004-05-17T11:19:50	20.99	312.60	
2004-05-17T11:20:00	20.99	312.60	
2004-05-17T11:20:10	20.99	312.60	
2004-05-17T11:20:20	21.00	312.60	
2004-05-17T11:20:30	21.00	312.59	
2004-05-17T11:20:40	21.00	312.59	
2004-05-17T11:20:50	21.00	312.59	
2004-05-17T11:21:00	21.00	312.59	
2004-05-17T11:21:10	21.00	312.59	
2004-05-17T11:21:20	21.00	312.59	
2004-05-17T11:21:30	21.01	312.59	
2004-05-17T11:21:40	21.01	312.59	
2004-05-17T11:21:50	21.01	312.59	
2004-05-17T11:22:00	21.01	312.59	
2004-05-17T11:22:10	21.01	312.59	
2004-05-17T11:22:20	21.01	312.59	
2004-05-17T11:22:30	21.01	312.59	
2004-05-17T11:22:40	21.01	312.59	
2004-05-17T11:22:50	21.02	312.59	
2004-05-17T11:23:00	21.02	312.59	
2004-05-17T11:23:10	21.02	312.59	
2004-05-17T11:23:20	21.02	312.59	
2004-05-17T11:23:30	21.02	312.59	
2004-05-17T11:23:40	21.02	312.59	
2004-05-17T11:23:50	21.02	312.58	
2004-05-17T11:24:00	21.03	312.58	
2004-05-17T11:24:10	21.03	312.58	
2004-05-17T11:24:20	21.03	312.58	
2004-05-17T11:24:30	21.03	312.58	
2004-05-17T11:24:40	21.03	312.58	
2004-05-17T11:24:50	21.03	312.58	
2004-05-17T11:25:00	21.03	312.58	
2004-05-17T11:25:10	21.04	312.58	
2004-05-17T11:25:20	21.04	312.58	
2004-05-17T11:25:30	21.04	312.58	
2004-05-17T11:25:40	21.04	312.58	
2004-05-17T11:25:50	21.04	312.58	
2004-05-17T11:26:00	21.04	312.58	
2004-05-17T11:26:10	21.04	312.58	
2004-05-17T11:26:20	21.05	312.58	
2004-05-17T11:26:30	21.05	312.58	
2004-05-17T11:26:40	21.05	312.58	
2004-05-17T11:26:50	21.05	312.58	
2004-05-17T11:27:00	21.05	312.57	
2004-05-17T11:27:10	21.05	312.57	
2004-05-17T11:27:20	21.05	312.57	
2004-05-17T11:27:30	21.05	312.57	
2004-05-17T11:27:40	21.06	312.57	
2004-05-17T11:27:50	21.06	312.57	
2004-05-17T11:28:00	21.06	312.57	
2004-05-17T11:28:10	21.06	312.57	
2004-05-17T11:28:20	21.06	312.57	
2004-05-17T11:28:30	21.06	312.57	
2004-05-17T11:28:40	21.06	312.57	
2004-05-17T11:28:50	21.07	312.57	
2004-05-17T11:29:00	21.07	312.57	
2004-05-17T11:29:10	21.07	312.57	
2004-05-17T11:29:20	21.07	312.57	
2004-05-17T11:29:30	21.07	312.57	
2004-05-17T11:29:40	21.07	312.57	
2004-05-17T11:29:50	21.07	312.57	
